1.0198529685730966	1.0198529685730966
1.9141606774662678	1.9141606774662678
2.0266840591862127	2.0266840591862127
2.7150179461135746	2.7150179461135746
2.9450331422197493	2.9450331422197493
3.2688839631245488	3.2688839631245488
3.658316123728505	3.658316123728505
3.7434659376374757	3.7434659376374757
3.933579301749279	3.933579301749279
4.186667987392423	4.186667987392423
4.250721135202524	4.250721135202524
4.314340231633963	4.314340231633963
4.88221191141475	4.88221191141475
5.407128656629407	5.407128656629407
6.758967758936156	6.758967758936156
7.0163062392996345	7.0163062392996345
7.030606355533784	7.030606355533784
