0.04717693216589325	0.46604990524566564
0.5584014974301725	0.8644435606996546
0.8958943118486129	0.9728910200558494
1.3410598581039581	1.0761233148528242
1.7695801481756614	1.1533671012425837
1.796331410698663	1.1577015533606054
1.9046045098802429	1.1747655492878137
2.077970331763775	1.200631782682685
2.517645926578033	1.2596464384753145
3.0820941121789875	1.324986562829939
3.9209517251704797	1.4071742321533942
4.716635030728683	1.473696554192911
4.800506682315688	1.4802046685706545
5.382107571797325	1.523133932333074
5.534666358101267	1.53381457898277
6.418775279190929	1.5917066943890334
