0.08205868159341634	0.6064917631211862
0.4900586194153531	0.8670609084446222
1.2925444886806368	1.0526623742426633
1.6030214050397964	1.098975129811098
1.7158465631388449	1.1140269310799649
2.0009941800966367	1.1488125336006303
2.1701134422596757	1.1676064553830414
2.391470984364023	1.1905099327453208
2.4076993017964963	1.1921213045124435
4.276711603812357	1.337278902370038
4.889919466206443	1.373600187157706
5.187382116281945	1.389919500484827
5.8950835674063695	1.4259293006467157
6.3061615485507545	1.4452834128669867
6.341963848380849	1.4469207753023388
