0.3590665525655785	0.5992216222447071
1.8451883065412265	1.35837708554776
3.205988013307765	1.7905273003525428
3.4425068463397457	1.8553993765062404
4.172319424869082	2.0426256203399293
4.176847099812588	2.043733617625494
4.364669956988565	2.089179254393592
4.578876197804557	2.139830880654954
4.591894435142452	2.1428706062528486
4.726995050712551	2.174165368759366
4.821542315384277	2.1958010646195336
4.831997897102184	2.198180587918605
4.911008549074601	2.2160795448436863
6.403337657224231	2.530481704582001
6.486814104043444	2.5469224770384047
7.944855928666081	2.818662081319093
