0.02539150947524238	0.2939202487620912
1.5377173106850917	1.1542294944611315
2.74361322351064	1.399934218594679
3.1791548038979007	1.4704058613541704
3.5150507015795185	1.5204676973711657
4.021149359986252	1.590193845277941
4.572778396233713	1.6598164015546673
4.643013765569135	1.668271217733206
5.05353823426608	1.7160575643026128
6.346004329760822	1.851399411557123
7.41385341505225	1.949910442089182
7.454316476200712	1.9534513915652436
7.464696449164405	1.9543576838374113
7.710371941678728	1.9755670596612234
7.99588955916399	1.999657404581206
